4.518981716 51.23554835
4.036363385 51.05215097
4.268144945 51.11769652
4.588631385 51.23448342
4.517823853 50.86924462
4.920055766 51.03920517
4.305526779 51.2492238
4.660053352 51.1664815
4.380416083 51.11504248
3.792636576 50.85655917
4.840948202 51.01771296
4.171650916 50.93136615
4.98785091 50.92263979
4.008091825 51.130315
3.809671898 51.03231094
4.405545286 50.84121813
4.448451924 51.1644286
4.626996516 51.03466381
4.348261487 51.00131544
4.510981442 50.86024623
4.476510715 51.05694786
4.046959269 50.84955959
4.051459728 51.11749238
4.874452402 51.04265293
5.005226638 51.01353272
4.253516746 51.18276133
4.471370205 51.24728753
4.332418259 50.96500884
5.072575244 50.98019089
4.869527359 50.92415581
4.697230265 51.01472019
4.85031238 51.08238823
4.266672418 50.98969998
4.660286063 51.11212461
4.59229 50.92503946
4.111195926 50.97983115
4.181786333 50.94922119
4.669938531 51.01663107
3.899431767 51.02221211
4.716042083 51.17810824
4.132127293 50.9339271
4.887666376 51.17547387
4.178452862 51.14183881
4.333893374 51.0996233
4.377682556 51.1145427
4.620829511 51.15454421
4.877133068 50.96070113
4.039802813 50.87469288
4.023047291 51.01063703
4.594572298 51.17399041
4.167502891 51.06132443
3.811357633 51.07030384
4.292263946 51.198552
4.084118041 50.87284556
4.113690971 50.80598031
4.117156149 51.13650217
4.143664635 50.83653556
4.480582779 51.08798901
5.063535848 50.99699465
4.072835152 50.80948746
4.782163542 50.91700546
4.668860152 51.20929589
4.490171324 51.16632291
4.661639444 50.98132434
4.834302689 50.90151924
3.892464636 50.99381098
4.89367836 51.16938199
4.146629904 51.09541438
4.512241134 51.07986823
4.060811268 50.85726598
4.943007332 51.12575768
4.120037175 50.90120049
4.176668403 50.87639815
4.774682153 51.1407752
4.832046056 51.17621887
4.664367137 50.84112982
3.899510136 50.83207228
4.234652795 50.8358776
4.389224619 50.90939647
4.523091909 51.11179418
4.464083594 51.06464602
4.947246253 51.10602014
3.76861943 50.94132429
4.764019968 51.11198562
4.403664182 51.059035
4.968882329 51.10294921
4.342858722 50.91925714
4.763839616 51.19467599
4.620188382 50.89146355
3.9245049 51.08915802
3.767222526 50.97228995
4.358796505 51.06426436
4.457575743 51.06046332
3.927870413 50.93382741
3.805614375 50.96917044
4.770562081 50.98871045
4.166820006 51.05337486
4.48998477 50.83806781
4.915547343 51.0006872
4.458535556 50.97745537
