4.759610596 51.01253217
4.060300318 51.0932187
4.726300639 51.20291445
3.77715142 51.06726182
4.726476232 51.13277249
4.475691827 51.16909372
4.013182574 50.88158327
3.984117107 50.8769179
4.716730408 50.88931418
3.917943594 50.83077809
4.887211999 51.11865126
4.858141049 51.11868716
4.649113002 51.2459554
4.614192579 51.24995642
4.072131845 50.82157284
4.478675814 50.84728251
3.816325751 51.09138082
4.934781435 51.05610116
4.833734849 51.19601972
4.793738921 51.22497453
3.797329498 50.81842994
4.628785963 51.19362539
4.124425716 51.06472131
4.955842216 51.04225271
4.339381285 50.8862368
3.8223913 50.87469291
4.852905893 50.92395433
4.481769073 50.96641584
4.433925438 51.10493586
4.180311505 51.05497125
4.913659332 50.96640333
4.56358532 50.89502653
4.31639616 51.19847148
3.946914878 51.14772951
3.784290747 50.91634296
4.432730698 51.00871478
4.017508377 50.83799406
4.35232377 50.82289
4.6268109 50.89802426
4.343686987 51.1849499
4.673334889 50.96170634
4.353316829 50.91343932
4.495005494 50.88261801
4.441657045 51.16280447
4.561996227 51.22251375
4.553867126 51.13337024
4.219492093 50.80903186
4.689124068 51.12954319
4.512377873 50.87355303
4.309407177 51.05705198
4.169341117 51.17411942
4.09436282 51.15521836
4.157067293 51.2218591
4.080130911 50.82444111
4.481032707 50.85979299
4.834121316 51.15458415
4.806414567 51.15253055
4.406612878 50.94098629
4.664890709 51.18297587
4.500585933 51.17840816
4.562619311 51.23268874
4.671280541 50.99485261
4.197194482 50.96992822
4.669368495 51.04395136
4.44630327 50.938807
4.017839515 50.93097389
3.971079709 51.12773838
3.929102696 50.98171604
4.590968208 51.20103597
3.870687355 50.8536573
4.475302074 50.98482679
4.767214993 51.11251405
4.602334273 51.09029134
3.763569258 50.95417473
4.714975276 51.21086848
4.538009225 51.01770174
5.016233683 50.98322736
4.224953857 50.99152936
4.224711591 51.18115162
4.016781488 51.03793726
4.746748587 51.09260102
4.006643728 51.05443475
4.38476489 50.84451475
3.886792542 51.12009426
4.370224861 51.17933141
4.327725965 51.03360252
4.455097995 50.95192842
4.922870389 51.01242276
4.370215813 50.98019705
4.220576392 50.97579442
3.875700818 51.0620504
4.635874742 50.9737086
4.597013155 50.89199005
4.602193848 51.15020105
4.031305215 51.10661623
4.067201032 51.15970903
3.81925013 50.9298121
4.429241076 51.07565067
4.106261617 51.068028
4.609285323 50.83309275
